[
    {
        "filename":"P:/BKM3/dcc/asset/prop/backkomRoverEx/rig/preview/maya2020/file/backkomRoverEx.0006.mb",
        "matrix":[
            0.9172200686273628,
            0.0,
            -0.39838090529945774,
            0.0,
            0.0,
            1.0,
            0.0,
            0.0,
            0.39838090529945774,
            0.0,
            0.9172200686273628,
            0.0,
            156.222,
            -0.208,
            253.765,
            1.0
        ],
        "namespace":"backkomRoverEx__ns__00",
        "project_id":44,
        "short_name":"backkomRoverEx.0006.mb",
        "task_id":37077
    },
    {
        "filename":"P:/BKM3/dcc/asset/prop/baseRoverEx/rig/preview/maya2020/file/baseRoverEx.0004.mb",
        "matrix":[
            0.9818827258049301,
            0.0,
            0.18948961123470742,
            0.0,
            -0.0,
            1.0,
            0.0,
            0.0,
            -0.18948961123470742,
            -0.0,
            0.9818827258049301,
            0.0,
            -164.507,
            0.0,
            39.766,
            1.0
        ],
        "namespace":"baseRoverEx__ns__00",
        "project_id":44,
        "short_name":"baseRoverEx.0004.mb",
        "task_id":37077
    },
    {
        "filename":"P:/BKM3/dcc/asset/prop/baseRoverEx/rig/preview/maya2020/file/baseRoverEx.0004.mb",
        "matrix":[
            0.5141701084550293,
            0.0,
            0.8576882298197541,
            0.0,
            -0.0,
            1.0,
            0.0,
            0.0,
            -0.8576882298197541,
            -0.0,
            0.5141701084550293,
            0.0,
            141.61996375048108,
            0.0,
            118.7253404581766,
            1.0
        ],
        "namespace":"baseRoverEx__ns__01",
        "project_id":44,
        "short_name":"baseRoverEx.0004.mb",
        "task_id":37077
    },
    {
        "filename":"P:/BKM3/dcc/asset/prop/baseRoverEx/rig/preview/maya2020/file/baseRoverEx.0004.mb",
        "matrix":[
            0.21601360385313806,
            0.0,
            -0.9763903537778215,
            0.0,
            0.0,
            1.0,
            0.0,
            0.0,
            0.9763903537778215,
            0.0,
            0.21601360385313806,
            0.0,
            -78.03856289713816,
            0.0,
            338.258163887723,
            1.0
        ],
        "namespace":"baseRoverEx__ns__02",
        "project_id":44,
        "short_name":"baseRoverEx.0004.mb",
        "task_id":37077
    },
    {
        "filename":"P:/BKM3/dcc/asset/prop/baseRoverEx/rig/preview/maya2020/file/baseRoverEx.0007.mb",
        "matrix":[
            -0.3598485639703366,
            -0.1987454244506469,
            0.9115970970052608,
            0.0,
            0.020420622027675042,
            -0.9784925416557895,
            -0.20526895556804564,
            0.0,
            0.932787226115629,
            -0.05525035912938178,
            0.35616764116295685,
            0.0,
            -107.8450044022628,
            40.41991454149982,
            459.70167735510836,
            1.0
        ],
        "namespace":"baseRoverEx__ns__03",
        "project_id":44,
        "short_name":"baseRoverEx.0007.mb",
        "task_id":37077
    }
]